BE/eV	PE: 160.0 eV
1200.0	2106.0
1199.0	2115.0
1198.0	2073.0
1197.0	2052.0
1196.0	2088.0
1195.0	2050.0
1194.0	2050.0
1193.0	2059.0
1192.0	2069.0
1191.0	2121.0
1190.0	2131.0
1189.0	2135.0
1188.0	2096.0
1187.0	2123.0
1186.0	2098.0
1185.0	2167.0
1184.0	2165.0
1183.0	2021.0
1182.0	2032.0
1181.0	2060.0
1180.0	2120.0
1179.0	2149.0
1178.0	2099.0
1177.0	2072.0
1176.0	2103.0
1175.0	2093.0
1174.0	2064.0
1173.0	2068.0
1172.0	2104.0
1171.0	2107.0
1170.0	2087.0
1169.0	2130.0
1168.0	2099.0
1167.0	2066.0
1166.0	2118.0
1165.0	2127.0
1164.0	2070.0
1163.0	2116.0
1162.0	2125.0
1161.0	2144.0
1160.0	2108.0
1159.0	2069.0
1158.0	2135.0
1157.0	2146.0
1156.0	2146.0
1155.0	2168.0
1154.0	2090.0
1153.0	2164.0
1152.0	2135.0
1151.0	2161.0
1150.0	2153.0
1149.0	2190.0
1148.0	2167.0
1147.0	2184.0
1146.0	2132.0
1145.0	2200.0
1144.0	2147.0
1143.0	2107.0
1142.0	2126.0
1141.0	2184.0
1140.0	2095.0
1139.0	2160.0
1138.0	2163.0
1137.0	2132.0
1136.0	2154.0
1135.0	2238.0
1134.0	2160.0
1133.0	2104.0
1132.0	2230.0
1131.0	2216.0
1130.0	2117.0
1129.0	2141.0
1128.0	2163.0
1127.0	2127.0
1126.0	2080.0
1125.0	2149.0
1124.0	2087.0
1123.0	2091.0
1122.0	2142.0
1121.0	2121.0
1120.0	2205.0
1119.0	2127.0
1118.0	2133.0
1117.0	2162.0
1116.0	2117.0
1115.0	2118.0
1114.0	2172.0
1113.0	2191.0
1112.0	2175.0
1111.0	2153.0
1110.0	2175.0
1109.0	2172.0
1108.0	2189.0
1107.0	2219.0
1106.0	2143.0
1105.0	2168.0
1104.0	2150.0
1103.0	2091.0
1102.0	2135.0
1101.0	2194.0
1100.0	2164.0
1099.0	2163.0
1098.0	2179.0
1097.0	2137.0
1096.0	2164.0
1095.0	2244.0
1094.0	2204.0
1093.0	2127.0
1092.0	2140.0
1091.0	2164.0
1090.0	2119.0
1089.0	2158.0
1088.0	2150.0
1087.0	2103.0
1086.0	2201.0
1085.0	2193.0
1084.0	2184.0
1083.0	2147.0
1082.0	2186.0
1081.0	2113.0
1080.0	2101.0
1079.0	2105.0
1078.0	2166.0
1077.0	2172.0
1076.0	2137.0
1075.0	2142.0
1074.0	2181.0
1073.0	2074.0
1072.0	2127.0
1071.0	2164.0
1070.0	2228.0
1069.0	2167.0
1068.0	2239.0
1067.0	2162.0
1066.0	2190.0
1065.0	2161.0
1064.0	2181.0
1063.0	2131.0
1062.0	2165.0
1061.0	2209.0
1060.0	2227.0
1059.0	2258.0
1058.0	2174.0
1057.0	2142.0
1056.0	2240.0
1055.0	2246.0
1054.0	2216.0
1053.0	2254.0
1052.0	2251.0
1051.0	2279.0
1050.0	2225.0
1049.0	2280.0
1048.0	2229.0
1047.0	2189.0
1046.0	2209.0
1045.0	2185.0
1044.0	2239.0
1043.0	2211.0
1042.0	2192.0
1041.0	2172.0
1040.0	2271.0
1039.0	2288.0
1038.0	2223.0
1037.0	2287.0
1036.0	2282.0
1035.0	2281.0
1034.0	2212.0
1033.0	2234.0
1032.0	2178.0
1031.0	2234.0
1030.0	2269.0
1029.0	2228.0
1028.0	2258.0
1027.0	2269.0
1026.0	2288.0
1025.0	2331.0
1024.0	2319.0
1023.0	2262.0
1022.0	2308.0
1021.0	2276.0
1020.0	2259.0
1019.0	2302.0
1018.0	2299.0
1017.0	2267.0
1016.0	2314.0
1015.0	2295.0
1014.0	2307.0
1013.0	2333.0
1012.0	2345.0
1011.0	2310.0
1010.0	2373.0
1009.0	2409.0
1008.0	2384.0
1007.0	2325.0
1006.0	2309.0
1005.0	2384.0
1004.0	2339.0
1003.0	2408.0
1002.0	2285.0
1001.0	2319.0
1000.0	2290.0
999.0	2260.0
998.0	2424.0
997.0	2409.0
996.0	2465.0
995.0	2526.0
994.0	2490.0
993.0	2495.0
992.0	2520.0
991.0	2416.0
990.0	2352.0
989.0	2333.0
988.0	2282.0
987.0	2286.0
986.0	2315.0
985.0	2246.0
984.0	2232.0
983.0	2235.0
982.0	2290.0
981.0	2311.0
980.0	2234.0
979.0	2308.0
978.0	2340.0
977.0	2423.0
976.0	2501.0
975.0	2637.0
974.0	2737.0
973.0	2731.0
972.0	2621.0
971.0	2587.0
970.0	2382.0
969.0	2255.0
968.0	2243.0
967.0	2111.0
966.0	2032.0
965.0	2015.0
964.0	1932.0
963.0	1910.0
962.0	1808.0
961.0	1788.0
960.0	1822.0
959.0	1830.0
958.0	1859.0
957.0	1868.0
956.0	1799.0
955.0	1842.0
954.0	1868.0
953.0	1748.0
952.0	1809.0
951.0	1774.0
950.0	1808.0
949.0	1806.0
948.0	1801.0
947.0	1787.0
946.0	1820.0
945.0	1900.0
944.0	1884.0
943.0	1859.0
942.0	1799.0
941.0	1825.0
940.0	1848.0
939.0	1846.0
938.0	1952.0
937.0	1883.0
936.0	1884.0
935.0	1828.0
934.0	1841.0
933.0	1881.0
932.0	1767.0
931.0	1841.0
930.0	1904.0
929.0	1885.0
928.0	1863.0
927.0	1880.0
926.0	1799.0
925.0	1900.0
924.0	1868.0
923.0	1864.0
922.0	1856.0
921.0	1861.0
920.0	1870.0
919.0	1872.0
918.0	1840.0
917.0	1857.0
916.0	1896.0
915.0	1915.0
914.0	1910.0
913.0	1858.0
912.0	1844.0
911.0	1844.0
910.0	1858.0
909.0	1958.0
908.0	1962.0
907.0	1890.0
906.0	1928.0
905.0	1902.0
904.0	1892.0
903.0	1937.0
902.0	1884.0
901.0	1902.0
900.0	1900.0
899.0	1881.0
898.0	1890.0
897.0	1894.0
896.0	1900.0
895.0	1947.0
894.0	1925.0
893.0	1946.0
892.0	1955.0
891.0	1960.0
890.0	1950.0
889.0	1904.0
888.0	1961.0
887.0	1957.0
886.0	1981.0
885.0	1910.0
884.0	1950.0
883.0	1982.0
882.0	1960.0
881.0	2015.0
880.0	1979.0
879.0	1939.0
878.0	1958.0
877.0	1924.0
876.0	1935.0
875.0	1940.0
874.0	1890.0
873.0	1957.0
872.0	1993.0
871.0	1929.0
870.0	2019.0
869.0	1978.0
868.0	1937.0
867.0	1957.0
866.0	1997.0
865.0	1925.0
864.0	1979.0
863.0	2035.0
862.0	1940.0
861.0	2009.0
860.0	1990.0
859.0	1997.0
858.0	1978.0
857.0	1984.0
856.0	1961.0
855.0	2003.0
854.0	2010.0
853.0	1988.0
852.0	1949.0
851.0	1954.0
850.0	1934.0
849.0	1926.0
848.0	1958.0
847.0	1966.0
846.0	1975.0
845.0	1968.0
844.0	2028.0
843.0	2102.0
842.0	2024.0
841.0	2026.0
840.0	2015.0
839.0	1976.0
838.0	1988.0
837.0	1997.0
836.0	1995.0
835.0	1991.0
834.0	2103.0
833.0	2024.0
832.0	1974.0
831.0	2005.0
830.0	2051.0
829.0	1966.0
828.0	2046.0
827.0	2078.0
826.0	2056.0
825.0	2012.0
824.0	2052.0
823.0	2044.0
822.0	2037.0
821.0	2088.0
820.0	2009.0
819.0	2006.0
818.0	2074.0
817.0	2059.0
816.0	2043.0
815.0	2005.0
814.0	2021.0
813.0	2086.0
812.0	2043.0
811.0	2055.0
810.0	2038.0
809.0	2111.0
808.0	2080.0
807.0	2070.0
806.0	2071.0
805.0	2063.0
804.0	2082.0
803.0	2022.0
802.0	2071.0
801.0	2122.0
800.0	2078.0
799.0	2039.0
798.0	2097.0
797.0	2091.0
796.0	2045.0
795.0	2100.0
794.0	2132.0
793.0	2132.0
792.0	2130.0
791.0	2031.0
790.0	2081.0
789.0	2050.0
788.0	2042.0
787.0	2166.0
786.0	2159.0
785.0	2051.0
784.0	2076.0
783.0	2155.0
782.0	2163.0
781.0	2143.0
780.0	2158.0
779.0	2173.0
778.0	2091.0
777.0	2161.0
776.0	2175.0
775.0	2107.0
774.0	2122.0
773.0	2142.0
772.0	2146.0
771.0	2150.0
770.0	2109.0
769.0	2118.0
768.0	2129.0
767.0	2103.0
766.0	2085.0
765.0	2125.0
764.0	2219.0
763.0	2166.0
762.0	2175.0
761.0	2155.0
760.0	2164.0
759.0	2107.0
758.0	2159.0
757.0	2143.0
756.0	2183.0
755.0	2127.0
754.0	2174.0
753.0	2229.0
752.0	2219.0
751.0	2265.0
750.0	2212.0
749.0	2233.0
748.0	2238.0
747.0	2202.0
746.0	2095.0
745.0	2149.0
744.0	2240.0
743.0	2279.0
742.0	2214.0
741.0	2238.0
740.0	2258.0
739.0	2287.0
738.0	2256.0
737.0	2235.0
736.0	2233.0
735.0	2275.0
734.0	2226.0
733.0	2281.0
732.0	2234.0
731.0	2216.0
730.0	2206.0
729.0	2286.0
728.0	2305.0
727.0	2278.0
726.0	2342.0
725.0	2226.0
724.0	2252.0
723.0	2311.0
722.0	2274.0
721.0	2275.0
720.0	2261.0
719.0	2268.0
718.0	2183.0
717.0	2239.0
716.0	2258.0
715.0	2299.0
714.0	2282.0
713.0	2278.0
712.0	2310.0
711.0	2290.0
710.0	2333.0
709.0	2331.0
708.0	2343.0
707.0	2313.0
706.0	2428.0
705.0	2342.0
704.0	2331.0
703.0	2418.0
702.0	2368.0
701.0	2317.0
700.0	2334.0
699.0	2327.0
698.0	2291.0
697.0	2326.0
696.0	2324.0
695.0	2394.0
694.0	2359.0
693.0	2361.0
692.0	2385.0
691.0	2333.0
690.0	2369.0
689.0	2327.0
688.0	2323.0
687.0	2469.0
686.0	2567.0
685.0	2529.0
684.0	2435.0
683.0	2494.0
682.0	2477.0
681.0	2398.0
680.0	2389.0
679.0	2363.0
678.0	2362.0
677.0	2394.0
676.0	2434.0
675.0	2410.0
674.0	2387.0
673.0	2349.0
672.0	2386.0
671.0	2456.0
670.0	2444.0
669.0	2478.0
668.0	2466.0
667.0	2345.0
666.0	2412.0
665.0	2365.0
664.0	2452.0
663.0	2503.0
662.0	2479.0
661.0	2488.0
660.0	2462.0
659.0	2464.0
658.0	2536.0
657.0	2453.0
656.0	2479.0
655.0	2417.0
654.0	2469.0
653.0	2476.0
652.0	2533.0
651.0	2490.0
650.0	2581.0
649.0	2531.0
648.0	2480.0
647.0	2448.0
646.0	2518.0
645.0	2513.0
644.0	2495.0
643.0	2479.0
642.0	2492.0
641.0	2489.0
640.0	2503.0
639.0	2502.0
638.0	2591.0
637.0	2602.0
636.0	2642.0
635.0	2578.0
634.0	2577.0
633.0	2540.0
632.0	2482.0
631.0	2522.0
630.0	2604.0
629.0	2638.0
628.0	2630.0
627.0	2606.0
626.0	2630.0
625.0	2661.0
624.0	2645.0
623.0	2650.0
622.0	2657.0
621.0	2659.0
620.0	2653.0
619.0	2684.0
618.0	2563.0
617.0	2648.0
616.0	2637.0
615.0	2658.0
614.0	2571.0
613.0	2687.0
612.0	2685.0
611.0	2614.0
610.0	2612.0
609.0	2566.0
608.0	2658.0
607.0	2713.0
606.0	2623.0
605.0	2582.0
604.0	2622.0
603.0	2701.0
602.0	2644.0
601.0	2732.0
600.0	2661.0
599.0	2712.0
598.0	2815.0
597.0	2835.0
596.0	2808.0
595.0	2779.0
594.0	2784.0
593.0	2818.0
592.0	2791.0
591.0	2708.0
590.0	2721.0
589.0	2665.0
588.0	2669.0
587.0	2656.0
586.0	2643.0
585.0	2601.0
584.0	2541.0
583.0	2563.0
582.0	2558.0
581.0	2664.0
580.0	2640.0
579.0	2658.0
578.0	2650.0
577.0	2650.0
576.0	2584.0
575.0	2661.0
574.0	2684.0
573.0	2679.0
572.0	2719.0
571.0	2735.0
570.0	2614.0
569.0	2660.0
568.0	2675.0
567.0	2705.0
566.0	2741.0
565.0	2727.0
564.0	2673.0
563.0	2656.0
562.0	2709.0
561.0	2686.0
560.0	2674.0
559.0	2699.0
558.0	2655.0
557.0	2654.0
556.0	2658.0
555.0	2640.0
554.0	2724.0
553.0	2742.0
552.0	2785.0
551.0	2751.0
550.0	2757.0
549.0	2780.0
548.0	2760.0
547.0	2780.0
546.0	2769.0
545.0	2710.0
544.0	2759.0
543.0	2718.0
542.0	2726.0
541.0	2676.0
540.0	2571.0
539.0	2511.0
538.0	2527.0
537.0	2538.0
536.0	2490.0
535.0	2487.0
534.0	2426.0
533.0	2417.0
532.0	2492.0
531.0	2853.0
530.0	3694.0
529.0	5454.0
528.0	6050.0
527.0	3985.0
526.0	2452.0
525.0	2221.0
524.0	2147.0
523.0	2078.0
522.0	2111.0
521.0	2122.0
520.0	2182.0
519.0	2121.0
518.0	2184.0
517.0	2182.0
516.0	2148.0
515.0	2176.0
514.0	2172.0
513.0	2149.0
512.0	2205.0
511.0	2167.0
510.0	2150.0
509.0	2113.0
508.0	2170.0
507.0	2090.0
506.0	2111.0
505.0	2107.0
504.0	2159.0
503.0	2096.0
502.0	2125.0
501.0	2128.0
500.0	2112.0
499.0	2120.0
498.0	2107.0
497.0	2052.0
496.0	2261.0
495.0	2239.0
494.0	2266.0
493.0	2257.0
492.0	2236.0
491.0	2202.0
490.0	2156.0
489.0	2124.0
488.0	2120.0
487.0	2033.0
486.0	2003.0
485.0	1997.0
484.0	2065.0
483.0	2111.0
482.0	1997.0
481.0	1970.0
480.0	2032.0
479.0	2015.0
478.0	1978.0
477.0	1933.0
476.0	1878.0
475.0	2010.0
474.0	1994.0
473.0	2034.0
472.0	1942.0
471.0	2011.0
470.0	2039.0
469.0	2074.0
468.0	2013.0
467.0	2024.0
466.0	1956.0
465.0	1971.0
464.0	1976.0
463.0	1928.0
462.0	1917.0
461.0	2009.0
460.0	2038.0
459.0	1919.0
458.0	2023.0
457.0	2054.0
456.0	1964.0
455.0	1966.0
454.0	2009.0
453.0	2052.0
452.0	1962.0
451.0	1933.0
450.0	1994.0
449.0	1969.0
448.0	1920.0
447.0	1967.0
446.0	2031.0
445.0	1974.0
444.0	2052.0
443.0	2029.0
442.0	1975.0
441.0	1957.0
440.0	1996.0
439.0	2007.0
438.0	2040.0
437.0	1942.0
436.0	1998.0
435.0	1974.0
434.0	1907.0
433.0	1917.0
432.0	1908.0
431.0	2040.0
430.0	2088.0
429.0	2061.0
428.0	2241.0
427.0	2424.0
426.0	2447.0
425.0	2523.0
424.0	2412.0
423.0	2216.0
422.0	2099.0
421.0	1962.0
420.0	1908.0
419.0	1889.0
418.0	1837.0
417.0	1759.0
416.0	1772.0
415.0	1710.0
414.0	1656.0
413.0	1705.0
412.0	1679.0
411.0	1658.0
410.0	1727.0
409.0	1711.0
408.0	1668.0
407.0	1655.0
406.0	1656.0
405.0	1743.0
404.0	1626.0
403.0	1705.0
402.0	1666.0
401.0	1716.0
400.0	1946.0
399.0	1980.0
398.0	1836.0
397.0	1708.0
396.0	1649.0
395.0	1645.0
394.0	1666.0
393.0	1625.0
392.0	1632.0
391.0	1662.0
390.0	1671.0
389.0	1677.0
388.0	1605.0
387.0	1637.0
386.0	1672.0
385.0	1630.0
384.0	1711.0
383.0	1672.0
382.0	1639.0
381.0	1578.0
380.0	1647.0
379.0	1650.0
378.0	1606.0
377.0	1581.0
376.0	1634.0
375.0	1648.0
374.0	1568.0
373.0	1588.0
372.0	1642.0
371.0	1665.0
370.0	1666.0
369.0	1654.0
368.0	1635.0
367.0	1643.0
366.0	1602.0
365.0	1680.0
364.0	1662.0
363.0	1660.0
362.0	1637.0
361.0	1645.0
360.0	1737.0
359.0	1653.0
358.0	1593.0
357.0	1641.0
356.0	1650.0
355.0	1617.0
354.0	1576.0
353.0	1641.0
352.0	1669.0
351.0	1615.0
350.0	1619.0
349.0	1634.0
348.0	1552.0
347.0	1539.0
346.0	1585.0
345.0	1654.0
344.0	1673.0
343.0	1583.0
342.0	1625.0
341.0	1685.0
340.0	1623.0
339.0	1641.0
338.0	1633.0
337.0	1619.0
336.0	1534.0
335.0	1615.0
334.0	1615.0
333.0	1597.0
332.0	1584.0
331.0	1578.0
330.0	1606.0
329.0	1614.0
328.0	1610.0
327.0	1617.0
326.0	1627.0
325.0	1633.0
324.0	1589.0
323.0	1633.0
322.0	1642.0
321.0	1638.0
320.0	1685.0
319.0	1659.0
318.0	1691.0
317.0	1627.0
316.0	1610.0
315.0	1653.0
314.0	1591.0
313.0	1612.0
312.0	1577.0
311.0	1637.0
310.0	1622.0
309.0	1604.0
308.0	1599.0
307.0	1653.0
306.0	1599.0
305.0	1603.0
304.0	1582.0
303.0	1650.0
302.0	1606.0
301.0	1630.0
300.0	1593.0
299.0	1634.0
298.0	1580.0
297.0	1606.0
296.0	1602.0
295.0	1633.0
294.0	1561.0
293.0	1557.0
292.0	1639.0
291.0	1613.0
290.0	1570.0
289.0	1593.0
288.0	1611.0
287.0	1676.0
286.0	1722.0
285.0	1764.0
284.0	1800.0
283.0	2036.0
282.0	2235.0
281.0	1992.0
280.0	1677.0
279.0	1664.0
278.0	1616.0
277.0	1571.0
276.0	1641.0
275.0	1619.0
274.0	1678.0
273.0	1647.0
272.0	1611.0
271.0	1588.0
270.0	1608.0
269.0	1495.0
268.0	1560.0
267.0	1542.0
266.0	1529.0
265.0	1531.0
264.0	1617.0
263.0	1670.0
262.0	1648.0
261.0	1745.0
260.0	1875.0
259.0	2164.0
258.0	2346.0
257.0	2268.0
256.0	1931.0
255.0	1657.0
254.0	1474.0
253.0	1304.0
252.0	1263.0
251.0	1251.0
250.0	1301.0
249.0	1385.0
248.0	1542.0
247.0	1885.0
246.0	2273.0
245.0	2413.0
244.0	2121.0
243.0	1611.0
242.0	1259.0
241.0	1048.0
240.0	884.0
239.0	822.0
238.0	764.0
237.0	660.0
236.0	666.0
235.0	669.0
234.0	627.0
233.0	590.0
232.0	625.0
231.0	595.0
230.0	606.0
229.0	613.0
228.0	598.0
227.0	565.0
226.0	569.0
225.0	570.0
224.0	547.0
223.0	579.0
222.0	588.0
221.0	601.0
220.0	592.0
219.0	564.0
218.0	529.0
217.0	539.0
216.0	538.0
215.0	541.0
214.0	532.0
213.0	580.0
212.0	546.0
211.0	534.0
210.0	571.0
209.0	520.0
208.0	545.0
207.0	532.0
206.0	570.0
205.0	530.0
204.0	528.0
203.0	542.0
202.0	572.0
201.0	538.0
200.0	529.0
199.0	546.0
198.0	539.0
197.0	552.0
196.0	554.0
195.0	528.0
194.0	549.0
193.0	589.0
192.0	566.0
191.0	549.0
190.0	533.0
189.0	558.0
188.0	545.0
187.0	537.0
186.0	517.0
185.0	523.0
184.0	535.0
183.0	511.0
182.0	534.0
181.0	545.0
180.0	595.0
179.0	566.0
178.0	534.0
177.0	563.0
176.0	553.0
175.0	527.0
174.0	542.0
173.0	532.0
172.0	536.0
171.0	511.0
170.0	559.0
169.0	564.0
168.0	536.0
167.0	551.0
166.0	536.0
165.0	561.0
164.0	581.0
163.0	548.0
162.0	522.0
161.0	533.0
160.0	509.0
159.0	518.0
158.0	544.0
157.0	544.0
156.0	550.0
155.0	538.0
154.0	553.0
153.0	528.0
152.0	524.0
151.0	528.0
150.0	546.0
149.0	554.0
148.0	532.0
147.0	492.0
146.0	516.0
145.0	535.0
144.0	563.0
143.0	531.0
142.0	572.0
141.0	510.0
140.0	554.0
139.0	533.0
138.0	549.0
137.0	543.0
136.0	541.0
135.0	512.0
134.0	523.0
133.0	541.0
132.0	525.0
131.0	497.0
130.0	559.0
129.0	546.0
128.0	539.0
127.0	576.0
126.0	589.0
125.0	563.0
124.0	584.0
123.0	574.0
122.0	558.0
121.0	527.0
120.0	543.0
119.0	548.0
118.0	534.0
117.0	532.0
116.0	556.0
115.0	522.0
114.0	533.0
113.0	544.0
112.0	531.0
111.0	537.0
110.0	549.0
109.0	559.0
108.0	541.0
107.0	519.0
106.0	526.0
105.0	574.0
104.0	556.0
103.0	562.0
102.0	563.0
101.0	565.0
100.0	575.0
99.0	576.0
98.0	580.0
97.0	550.0
96.0	536.0
95.0	565.0
94.0	587.0
93.0	549.0
92.0	557.0
91.0	546.0
90.0	572.0
89.0	588.0
88.0	565.0
87.0	578.0
86.0	589.0
85.0	589.0
84.0	554.0
83.0	548.0
82.0	564.0
81.0	560.0
80.0	585.0
79.0	621.0
78.0	600.0
77.0	600.0
76.0	576.0
75.0	546.0
74.0	572.0
73.0	575.0
72.0	547.0
71.0	566.0
70.0	553.0
69.0	564.0
68.0	541.0
67.0	551.0
66.0	552.0
65.0	571.0
64.0	617.0
63.0	622.0
62.0	584.0
61.0	594.0
60.0	610.0
59.0	613.0
58.0	591.0
57.0	617.0
56.0	618.0
55.0	601.0
54.0	560.0
53.0	561.0
52.0	609.0
51.0	617.0
50.0	635.0
49.0	614.0
48.0	616.0
47.0	549.0
46.0	478.0
45.0	423.0
44.0	413.0
43.0	395.0
42.0	441.0
41.0	455.0
40.0	532.0
39.0	560.0
38.0	546.0
37.0	739.0
36.0	1513.0
35.0	2015.0
34.0	2113.0
33.0	2235.0
32.0	1102.0
31.0	229.0
30.0	108.0
29.0	74.0
28.0	80.0
27.0	72.0
26.0	74.0
25.0	65.0
24.0	71.0
23.0	87.0
22.0	94.0
21.0	122.0
20.0	150.0
19.0	130.0
18.0	80.0
17.0	51.0
16.0	45.0
15.0	36.0
14.0	40.0
13.0	32.0
12.0	36.0
11.0	32.0
10.0	31.0
9.0	37.0
8.0	53.0
7.0	83.0
6.0	110.0
5.0	129.0
4.0	130.0
3.0	117.0
2.0	83.0
1.0	40.0
0.0	18.0
-1.0	8.0
-2.0	8.0
-3.0	9.0
-4.0	5.0
-5.0	9.0
