BE/eV	PE: 46.95 eV
305.0	2047.5
304.95	2052.5
304.9	2122.5
304.85	2075.0
304.8	2140.0
304.75	2027.5
304.7	2095.0
304.65	1927.5
304.6	1997.5
304.55	2097.5
304.5	2057.5
304.45	1925.0
304.4	1862.5
304.35	2190.0
304.3	2040.0
304.25	2052.5
304.2	2015.0
304.15	2050.0
304.1	2055.0
304.05	2097.5
304.0	2045.0
303.95	2062.5
303.9	2110.0
303.85	2152.5
303.8	2040.0
303.75	2045.0
303.7	1957.5
303.65	1990.0
303.6	2060.0
303.55	1967.5
303.5	1980.0
303.45	2002.5
303.4	1992.5
303.35	1982.5
303.3	2035.0
303.25	2025.0
303.2	1972.5
303.15	2035.0
303.1	2085.0
303.05	1947.5
303.0	2102.5
302.95	2020.0
302.9	1922.5
302.85	1910.0
302.8	1852.5
302.75	1965.0
302.7	2005.0
302.65	1792.5
302.6	2042.5
302.55	1940.0
302.5	1990.0
302.45	1920.0
302.4	2000.0
302.35	1975.0
302.3	1930.0
302.25	1975.0
302.2	2017.5
302.15	1860.0
302.1	2057.5
302.05	1917.5
302.0	2012.5
301.95	1955.0
301.9	1972.5
301.85	1967.5
301.8	1920.0
301.75	1852.5
301.7	1822.5
301.65	1932.5
301.6	1992.5
301.55	1855.0
301.5	1832.5
301.45	1755.0
301.4	1980.0
301.35	1927.5
301.3	1792.5
301.25	1955.0
301.2	1877.5
301.15	1855.0
301.1	1862.5
301.05	1917.5
301.0	1870.0
300.95	1757.5
300.9	1967.5
300.85	1897.5
300.8	1887.5
300.75	1910.0
300.7	1902.5
300.65	1940.0
300.6	1985.0
300.55	1810.0
300.5	1832.5
300.45	1827.5
300.4	1915.0
300.35	1890.0
300.3	1880.0
300.25	1825.0
300.2	1822.5
300.15	1912.5
300.1	1767.5
300.05	1790.0
300.0	1872.5
299.95	1780.0
299.9	1842.5
299.85	1827.5
299.8	1775.0
299.75	1837.5
299.7	1815.0
299.65	1835.0
299.6	1787.5
299.55	2017.5
299.5	1800.0
299.45	1782.5
299.4	1842.5
299.35	1867.5
299.3	1790.0
299.25	1900.0
299.2	1807.5
299.15	1857.5
299.1	1762.5
299.05	1920.0
299.0	1750.0
298.95	1892.5
298.9	1785.0
298.85	1877.5
298.8	1777.5
298.75	1702.5
298.7	1752.5
298.65	1675.0
298.6	1822.5
298.55	1877.5
298.5	1740.0
298.45	1800.0
298.4	1747.5
298.35	1915.0
298.3	1795.0
298.25	1807.5
298.2	1785.0
298.15	1882.5
298.1	1750.0
298.05	1792.5
298.0	1790.0
297.95	1850.0
297.9	1732.5
297.85	1770.0
297.8	1787.5
297.75	1797.5
297.7	1702.5
297.65	1752.5
297.6	1795.0
297.55	1652.5
297.5	1665.0
297.45	1777.5
297.4	1870.0
297.35	1787.5
297.3	1762.5
297.25	1717.5
297.2	1902.5
297.15	1692.5
297.1	1670.0
297.05	1682.5
297.0	1617.5
296.95	1682.5
296.9	1892.5
296.85	1737.5
296.8	1735.0
296.75	1722.5
296.7	1695.0
296.65	1715.0
296.6	1615.0
296.55	1712.5
296.5	1832.5
296.45	1755.0
296.4	1705.0
296.35	1602.5
296.3	1652.5
296.25	1747.5
296.2	1725.0
296.15	1692.5
296.1	1762.5
296.05	1765.0
296.0	1687.5
295.95	1690.0
295.9	1805.0
295.85	1680.0
295.8	1730.0
295.75	1630.0
295.7	1725.0
295.65	1787.5
295.6	1722.5
295.55	1652.5
295.5	1760.0
295.45	1740.0
295.4	1682.5
295.35	1612.5
295.3	1720.0
295.25	1630.0
295.2	1842.5
295.15	1675.0
295.1	1720.0
295.05	1647.5
295.0	1662.5
294.95	1670.0
294.9	1747.5
294.85	1755.0
294.8	1680.0
294.75	1740.0
294.7	1580.0
294.65	1680.0
294.6	1727.5
294.55	1775.0
294.5	1630.0
294.45	1712.5
294.4	1605.0
294.35	1625.0
294.3	1630.0
294.25	1632.5
294.2	1767.5
294.15	1727.5
294.1	1717.5
294.05	1832.5
294.0	1625.0
293.95	1817.5
293.9	1787.5
293.85	1722.5
293.8	1680.0
293.75	1657.5
293.7	1592.5
293.65	1680.0
293.6	1742.5
293.55	1702.5
293.5	1600.0
293.45	1707.5
293.4	1737.5
293.35	1647.5
293.3	1657.5
293.25	1690.0
293.2	1807.5
293.15	1750.0
293.1	1705.0
293.05	1702.5
293.0	1765.0
292.95	1720.0
292.9	1700.0
292.85	1735.0
292.8	1710.0
292.75	1715.0
292.7	1765.0
292.65	1720.0
292.6	1745.0
292.55	1802.5
292.5	1782.5
292.45	1740.0
292.4	1742.5
292.35	1770.0
292.3	1622.5
292.25	1755.0
292.2	1842.5
292.15	1742.5
292.1	1657.5
292.05	1852.5
292.0	1812.5
291.95	1812.5
291.9	1755.0
291.85	1737.5
291.8	1715.0
291.75	1887.5
291.7	1720.0
291.65	1712.5
291.6	1817.5
291.55	1725.0
291.5	1700.0
291.45	1690.0
291.4	1810.0
291.35	1792.5
291.3	1765.0
291.25	1720.0
291.2	1890.0
291.15	1885.0
291.1	1835.0
291.05	1722.5
291.0	1845.0
290.95	1815.0
290.9	1752.5
290.85	1892.5
290.8	1847.5
290.75	1765.0
290.7	1750.0
290.65	1770.0
290.6	1815.0
290.55	1875.0
290.5	1745.0
290.45	1710.0
290.4	1742.5
290.35	1785.0
290.3	1865.0
290.25	1722.5
290.2	1902.5
290.15	1755.0
290.1	1792.5
290.05	1762.5
290.0	1872.5
289.95	1780.0
289.9	1805.0
289.85	1832.5
289.8	1802.5
289.75	1800.0
289.7	1832.5
289.65	1902.5
289.6	1930.0
289.55	1800.0
289.5	1775.0
289.45	1725.0
289.4	1872.5
289.35	1797.5
289.3	1955.0
289.25	1880.0
289.2	1850.0
289.15	1937.5
289.1	1775.0
289.05	1927.5
289.0	1985.0
288.95	1927.5
288.9	1915.0
288.85	1895.0
288.8	1900.0
288.75	2055.0
288.7	2110.0
288.65	1912.5
288.6	2092.5
288.55	2022.5
288.5	2017.5
288.45	1967.5
288.4	1970.0
288.35	2035.0
288.3	2112.5
288.25	1997.5
288.2	2062.5
288.15	2190.0
288.1	2100.0
288.05	2130.0
288.0	2080.0
287.95	2052.5
287.9	2105.0
287.85	2180.0
287.8	2112.5
287.75	2200.0
287.7	2202.5
287.65	2197.5
287.6	2227.5
287.55	2150.0
287.5	2217.5
287.45	2187.5
287.4	2197.5
287.35	2325.0
287.3	2475.0
287.25	2362.5
287.2	2495.0
287.15	2342.5
287.1	2477.5
287.05	2600.0
287.0	2625.0
286.95	2665.0
286.9	2685.0
286.85	2645.0
286.8	2807.5
286.75	2777.5
286.7	2962.5
286.65	2917.5
286.6	3085.0
286.55	3190.0
286.5	3197.5
286.45	3255.0
286.4	3415.0
286.35	3397.5
286.3	3592.5
286.25	3597.5
286.2	3602.5
286.15	3882.5
286.1	3825.0
286.05	4152.5
286.0	4110.0
285.95	4210.0
285.9	4290.0
285.85	4360.0
285.8	4400.0
285.75	4650.0
285.7	4727.5
285.65	5142.5
285.6	5092.5
285.55	5160.0
285.5	5192.5
285.45	5507.5
285.4	5395.0
285.35	5645.0
285.3	5590.0
285.25	5635.0
285.2	5712.5
285.15	5825.0
285.1	5837.5
285.05	5990.0
285.0	5790.0
284.95	6215.0
284.9	6042.5
284.85	6265.0
284.8	6102.5
284.75	6135.0
284.7	5990.0
284.65	6067.5
284.6	5920.0
284.55	5987.5
284.5	6257.5
284.45	5915.0
284.4	5985.0
284.35	5687.5
284.3	5490.0
284.25	5655.0
284.2	5452.5
284.15	5322.5
284.1	5185.0
284.05	5122.5
284.0	5090.0
283.95	4830.0
283.9	4657.5
283.85	4817.5
283.8	4397.5
283.75	4270.0
283.7	4272.5
283.65	3992.5
283.6	3972.5
283.55	3840.0
283.5	3440.0
283.45	3492.5
283.4	3482.5
283.35	3217.5
283.3	3252.5
283.25	2975.0
283.2	2845.0
283.15	2707.5
283.1	2567.5
283.05	2560.0
283.0	2392.5
282.95	2160.0
282.9	2265.0
282.85	2092.5
282.8	2072.5
282.75	1982.5
282.7	1987.5
282.65	1840.0
282.6	1840.0
282.55	1835.0
282.5	1865.0
282.45	1662.5
282.4	1715.0
282.35	1667.5
282.3	1530.0
282.25	1477.5
282.2	1512.5
282.15	1422.5
282.1	1465.0
282.05	1462.5
282.0	1500.0
281.95	1362.5
281.9	1435.0
281.85	1375.0
281.8	1477.5
281.75	1367.5
281.7	1327.5
281.65	1390.0
281.6	1455.0
281.55	1350.0
281.5	1400.0
281.45	1345.0
281.4	1380.0
281.35	1267.5
281.3	1460.0
281.25	1362.5
281.2	1447.5
281.15	1352.5
281.1	1392.5
281.05	1302.5
281.0	1395.0
280.95	1345.0
280.9	1395.0
280.85	1355.0
280.8	1420.0
280.75	1385.0
280.7	1290.0
280.65	1342.5
280.6	1457.5
280.55	1410.0
280.5	1382.5
280.45	1352.5
280.4	1420.0
280.35	1355.0
280.3	1310.0
280.25	1350.0
280.2	1277.5
280.15	1367.5
280.1	1365.0
280.05	1287.5
280.0	1337.5
279.95	1357.5
279.9	1290.0
279.85	1407.5
279.8	1377.5
279.75	1312.5
279.7	1345.0
279.65	1282.5
279.6	1402.5
279.55	1392.5
279.5	1317.5
279.45	1317.5
279.4	1285.0
279.35	1325.0
279.3	1302.5
279.25	1350.0
279.2	1355.0
279.15	1287.5
279.1	1417.5
279.05	1362.5
279.0	1295.0
278.95	1275.0
278.9	1387.5
278.85	1362.5
278.8	1275.0
278.75	1345.0
278.7	1340.0
278.65	1367.5
278.6	1362.5
278.55	1360.0
278.5	1322.5
278.45	1432.5
278.4	1277.5
278.35	1420.0
278.3	1392.5
278.25	1300.0
278.2	1302.5
278.15	1287.5
278.1	1442.5
278.05	1385.0
278.0	1347.5
277.95	1365.0
277.9	1325.0
277.85	1310.0
277.8	1335.0
277.75	1397.5
277.7	1455.0
277.65	1285.0
277.6	1375.0
277.55	1365.0
277.5	1445.0
277.45	1350.0
277.4	1350.0
277.35	1367.5
277.3	1257.5
277.25	1300.0
277.2	1382.5
277.15	1405.0
277.1	1407.5
277.05	1365.0
277.0	1325.0
276.95	1352.5
276.9	1270.0
276.85	1242.5
276.8	1375.0
276.75	1342.5
276.7	1327.5
276.65	1240.0
276.6	1385.0
276.55	1257.5
276.5	1435.0
276.45	1327.5
276.4	1477.5
276.35	1282.5
276.3	1330.0
276.25	1307.5
276.2	1417.5
276.15	1280.0
276.1	1282.5
276.05	1412.5
276.0	1370.0
275.95	1187.5
275.9	1370.0
275.85	1267.5
275.8	1345.0
275.75	1307.5
275.7	1305.0
275.65	1390.0
275.6	1362.5
275.55	1425.0
275.5	1335.0
275.45	1367.5
275.4	1365.0
275.35	1285.0
275.3	1297.5
275.25	1325.0
275.2	1225.0
275.15	1402.5
275.1	1390.0
275.05	1317.5
275.0	1372.5
