BE/eV	PE: 46.95 eV
180.0	528.75
179.95	542.5
179.9	515.0
179.85	513.75
179.8	515.0
179.75	492.5
179.7	515.0
179.65	476.25
179.6	507.5
179.55	532.5
179.5	492.5
179.45	497.5
179.4	480.0
179.35	498.75
179.3	513.75
179.25	503.75
179.2	506.25
179.15	483.75
179.1	496.25
179.05	435.0
179.0	506.25
178.95	501.25
178.9	456.25
178.85	507.5
178.8	498.75
178.75	480.0
178.7	468.75
178.65	445.0
178.6	452.5
178.55	518.75
178.5	467.5
178.45	495.0
178.4	492.5
178.35	441.25
178.3	468.75
178.25	463.75
178.2	493.75
178.15	487.5
178.1	447.5
178.05	481.25
178.0	446.25
177.95	472.5
177.9	520.0
177.85	480.0
177.8	450.0
177.75	418.75
177.7	420.0
177.65	451.25
177.6	461.25
177.55	471.25
177.5	438.75
177.45	455.0
177.4	460.0
177.35	492.5
177.3	462.5
177.25	456.25
177.2	457.5
177.15	446.25
177.1	466.25
177.05	411.25
177.0	446.25
176.95	493.75
176.9	470.0
176.85	436.25
176.8	427.5
176.75	438.75
176.7	427.5
176.65	446.25
176.6	445.0
176.55	472.5
176.5	412.5
176.45	433.75
176.4	451.25
176.35	468.75
176.3	445.0
176.25	398.75
176.2	451.25
176.15	441.25
176.1	458.75
176.05	451.25
176.0	430.0
175.95	402.5
175.9	416.25
175.85	420.0
175.8	456.25
175.75	395.0
175.7	445.0
175.65	380.0
175.6	418.75
175.55	415.0
175.5	450.0
175.45	425.0
175.4	415.0
175.35	435.0
175.3	427.5
175.25	442.5
175.2	460.0
175.15	455.0
175.1	397.5
175.05	406.25
175.0	403.75
174.95	470.0
174.9	430.0
174.85	455.0
174.8	461.25
174.75	407.5
174.7	442.5
174.65	472.5
174.6	456.25
174.55	408.75
174.5	448.75
174.45	392.5
174.4	448.75
174.35	417.5
174.3	412.5
174.25	442.5
174.2	436.25
174.15	428.75
174.1	432.5
174.05	470.0
174.0	475.0
173.95	405.0
173.9	436.25
173.85	425.0
173.8	450.0
173.75	431.25
173.7	435.0
173.65	431.25
173.6	426.25
173.55	457.5
173.5	421.25
173.45	457.5
173.4	457.5
173.35	463.75
173.3	432.5
173.25	438.75
173.2	426.25
173.15	443.75
173.1	433.75
173.05	416.25
173.0	451.25
172.95	446.25
172.9	468.75
172.85	431.25
172.8	406.25
172.75	438.75
172.7	443.75
172.65	438.75
172.6	415.0
172.55	423.75
172.5	443.75
172.45	421.25
172.4	453.75
172.35	421.25
172.3	448.75
172.25	418.75
172.2	445.0
172.15	447.5
172.1	427.5
172.05	451.25
172.0	445.0
171.95	411.25
171.9	461.25
171.85	442.5
171.8	397.5
171.75	422.5
171.7	465.0
171.65	432.5
171.6	411.25
171.55	452.5
171.5	467.5
171.45	467.5
171.4	451.25
171.35	468.75
171.3	423.75
171.25	457.5
171.2	492.5
171.15	467.5
171.1	455.0
171.05	481.25
171.0	446.25
170.95	457.5
170.9	461.25
170.85	455.0
170.8	473.75
170.75	428.75
170.7	432.5
170.65	422.5
170.6	472.5
170.55	432.5
170.5	423.75
170.45	453.75
170.4	511.25
170.35	430.0
170.3	477.5
170.25	442.5
170.2	473.75
170.15	490.0
170.1	427.5
170.05	453.75
170.0	435.0
169.95	480.0
169.9	448.75
169.85	472.5
169.8	451.25
169.75	505.0
169.7	455.0
169.65	460.0
169.6	412.5
169.55	470.0
169.5	460.0
169.45	470.0
169.4	422.5
169.35	460.0
169.3	455.0
169.25	511.25
169.2	467.5
169.15	435.0
169.1	433.75
169.05	472.5
169.0	482.5
168.95	450.0
168.9	436.25
168.85	446.25
168.8	443.75
168.75	501.25
168.7	452.5
168.65	478.75
168.6	450.0
168.55	482.5
168.5	496.25
168.45	433.75
168.4	461.25
168.35	437.5
168.3	488.75
168.25	456.25
168.2	467.5
168.15	460.0
168.1	511.25
168.05	488.75
168.0	507.5
167.95	442.5
167.9	452.5
167.85	502.5
167.8	467.5
167.75	475.0
167.7	468.75
167.65	446.25
167.6	540.0
167.55	453.75
167.5	468.75
167.45	482.5
167.4	478.75
167.35	456.25
167.3	485.0
167.25	450.0
167.2	463.75
167.15	460.0
167.1	482.5
167.05	461.25
167.0	505.0
166.95	490.0
166.9	450.0
166.85	433.75
166.8	473.75
166.75	468.75
166.7	492.5
166.65	402.5
166.6	487.5
166.55	466.25
166.5	466.25
166.45	457.5
166.4	438.75
166.35	437.5
166.3	452.5
166.25	436.25
166.2	430.0
166.15	456.25
166.1	442.5
166.05	447.5
166.0	435.0
165.95	470.0
165.9	470.0
165.85	460.0
165.8	442.5
165.75	458.75
165.7	475.0
165.65	465.0
165.6	432.5
165.55	442.5
165.5	437.5
165.45	475.0
165.4	452.5
165.35	450.0
165.3	456.25
165.25	502.5
165.2	497.5
165.15	490.0
165.1	493.75
165.05	481.25
165.0	515.0
164.95	513.75
164.9	485.0
164.85	522.5
164.8	516.25
164.75	527.5
164.7	491.25
164.65	555.0
164.6	490.0
164.55	537.5
164.5	545.0
164.45	538.75
164.4	567.5
164.35	596.25
164.3	558.75
164.25	626.25
164.2	577.5
164.15	573.75
164.1	562.5
164.05	598.75
164.0	670.0
163.95	686.25
163.9	628.75
163.85	692.5
163.8	675.0
163.75	683.75
163.7	712.5
163.65	728.75
163.6	731.25
163.55	743.75
163.5	737.5
163.45	760.0
163.4	855.0
163.35	798.75
163.3	882.5
163.25	951.25
163.2	858.75
163.15	966.25
163.1	971.25
163.05	958.75
163.0	996.25
162.95	1085.0
162.9	1166.25
162.85	1168.75
162.8	1146.25
162.75	1322.5
162.7	1302.5
162.65	1333.75
162.6	1308.75
162.55	1393.75
162.5	1441.25
162.45	1360.0
162.4	1458.75
162.35	1382.5
162.3	1405.0
162.25	1491.25
162.2	1506.25
162.15	1472.5
162.1	1621.25
162.05	1645.0
162.0	1663.75
161.95	1691.25
161.9	1682.5
161.85	1756.25
161.8	1760.0
161.75	1806.25
161.7	1800.0
161.65	1812.5
161.6	1921.25
161.55	1913.75
161.5	1910.0
161.45	2002.5
161.4	2025.0
161.35	1878.75
161.3	1848.75
161.25	1915.0
161.2	1877.5
161.15	1925.0
161.1	1907.5
161.05	1837.5
161.0	1731.25
160.95	1665.0
160.9	1718.75
160.85	1697.5
160.8	1665.0
160.75	1626.25
160.7	1563.75
160.65	1532.5
160.6	1482.5
160.55	1382.5
160.5	1320.0
160.45	1258.75
160.4	1328.75
160.35	1176.25
160.3	1175.0
160.25	1096.25
160.2	1076.25
160.15	1033.75
160.1	960.0
160.05	890.0
160.0	931.25
159.95	853.75
159.9	812.5
159.85	776.25
159.8	833.75
159.75	690.0
159.7	663.75
159.65	698.75
159.6	682.5
159.55	593.75
159.5	506.25
159.45	512.5
159.4	523.75
159.35	478.75
159.3	425.0
159.25	426.25
159.2	465.0
159.15	417.5
159.1	372.5
159.05	382.5
159.0	371.25
158.95	343.75
158.9	332.5
158.85	350.0
158.8	307.5
158.75	371.25
158.7	311.25
158.65	293.75
158.6	327.5
158.55	270.0
158.5	287.5
158.45	307.5
158.4	271.25
158.35	293.75
158.3	263.75
158.25	257.5
158.2	326.25
158.15	267.5
158.1	256.25
158.05	272.5
158.0	295.0
157.95	291.25
157.9	258.75
157.85	265.0
157.8	287.5
157.75	253.75
157.7	248.75
157.65	255.0
157.6	248.75
157.55	282.5
157.5	246.25
157.45	257.5
157.4	225.0
157.35	262.5
157.3	255.0
157.25	267.5
157.2	238.75
157.15	263.75
157.1	247.5
157.05	253.75
157.0	260.0
156.95	247.5
156.9	247.5
156.85	267.5
156.8	247.5
156.75	245.0
156.7	260.0
156.65	248.75
156.6	255.0
156.55	221.25
156.5	246.25
156.45	275.0
156.4	242.5
156.35	265.0
156.3	232.5
156.25	260.0
156.2	257.5
156.15	223.75
156.1	256.25
156.05	243.75
156.0	232.5
155.95	235.0
155.9	250.0
155.85	235.0
155.8	246.25
155.75	248.75
155.7	237.5
155.65	246.25
155.6	253.75
155.55	256.25
155.5	245.0
155.45	238.75
155.4	233.75
155.35	256.25
155.3	252.5
155.25	213.75
155.2	250.0
155.15	248.75
155.1	233.75
155.05	251.25
155.0	237.5
